31
Clostridium_thermobutyricum 0.0000000 3.0891600 3.0616896 3.0732986 3.0803301 3.0465723 3.0596125 2.9066866 2.9048878 2.9089972 2.9006915 2.9426735 2.9072430 2.9070521 2.9110821 2.9005715 3.1525858 3.0510366 3.0339221 3.0025948 3.0176894 3.0439367 3.0427794 3.0435922 3.0452080 3.0441583 3.0706961 3.0494147 3.0531318 3.0305158 3.0338058 
Rumen_CACWMY01              3.0891600 0.0000000 0.0039158 0.0067210 0.0068370 0.2282626 0.2053515 0.6645542 0.6621439 0.6655390 0.6653147 0.6683196 0.6640775 0.6653776 0.6667878 0.6732661 0.3878336 0.3993174 0.3990762 0.3998469 0.4012605 0.4370033 0.4372248 0.4368602 0.4374651 0.4370497 0.4432590 0.4685108 0.3859698 0.3866497 0.3875888 
Rumen_CACWMC01              3.0616896 0.0039158 0.0000000 0.0065433 0.0059401 0.2249045 0.2019259 0.6576699 0.6583505 0.6586493 0.6582100 0.6612315 0.6570366 0.6583952 0.6599115 0.6661552 0.3832122 0.3948884 0.3945050 0.3986502 0.3998843 0.4317346 0.4319392 0.4316736 0.4321965 0.4317811 0.4382401 0.4620145 0.3794467 0.3812556 0.3853014 
Rumen_CADAEW01              3.0732986 0.0067210 0.0065433 0.0000000 0.0050926 0.2189768 0.2020347 0.6568455 0.6578383 0.6578515 0.6573773 0.6606388 0.6561538 0.6575848 0.6590322 0.6657047 0.3850285 0.3950713 0.3971613 0.4013407 0.4023960 0.4337877 0.4340138 0.4335822 0.4337898 0.4338121 0.4405859 0.4643573 0.3794492 0.3833329 0.3864541 
Rumen_CADAIA01              3.0803301 0.0068370 0.0059401 0.0050926 0.0000000 0.2270186 0.2044128 0.6612907 0.6588722 0.6622661 0.6619427 0.6649059 0.6607100 0.6620339 0.6635198 0.6700114 0.3857579 0.3969699 0.3990935 0.4009483 0.4016764 0.4336712 0.4337013 0.4336225 0.4341297 0.4337175 0.4404373 0.4650313 0.3826613 0.3837364 0.3850746 
Rumen_CACVSO01              3.0465723 0.2282626 0.2249045 0.2189768 0.2270186 0.0000000 0.0977163 0.6562223 0.6540340 0.6562411 0.6562398 0.6597186 0.6547121 0.6560721 0.6580440 0.6647870 0.3887547 0.4092364 0.4072322 0.4072449 0.4091629 0.4359910 0.4359794 0.4361783 0.4368270 0.4360745 0.4426363 0.4688548 0.4001269 0.3993516 0.3972852 
Rumen_CACWHG01              3.0596125 0.2053515 0.2019259 0.2020347 0.2044128 0.0977163 0.0000000 0.6435609 0.6412068 0.6444627 0.6444309 0.6464769 0.6426020 0.6439977 0.6449902 0.6522083 0.3732209 0.3876843 0.3879254 0.3882752 0.3902763 0.4204031 0.4204998 0.4204252 0.4208842 0.4204964 0.4266154 0.4533326 0.3781800 0.3777849 0.3777340 
maccaque3                   2.9066866 0.6645542 0.6576699 0.6568455 0.6612907 0.6562223 0.6435609 0.0000000 0.0001448 0.0001427 0.0041473 0.0065221 0.0060403 0.0047319 0.0054685 0.0056488 0.6791993 0.6493821 0.6405368 0.6362529 0.6461316 0.6262486 0.6259870 0.6255218 0.6272406 0.6262757 0.6307955 0.6388647 0.6393364 0.6428881 0.6434433 
maccaque4                   2.9048878 0.6621439 0.6583505 0.6578383 0.6588722 0.6540340 0.6412068 0.0001448 0.0000000 0.0000869 0.0041069 0.0064534 0.0059703 0.0046830 0.0055192 0.0057186 0.6778449 0.6480468 0.6389961 0.6376900 0.6472404 0.6249973 0.6247320 0.6242597 0.6260034 0.6250248 0.6295943 0.6372478 0.6368544 0.6407512 0.6432192 
maccaque7                   2.9089972 0.6655390 0.6586493 0.6578515 0.6622661 0.6562411 0.6444627 0.0001427 0.0000869 0.0000000 0.0040592 0.0064336 0.0059509 0.0046728 0.0054544 0.0056194 0.6801094 0.6504308 0.6415145 0.6372501 0.6470745 0.6265003 0.6262387 0.6257738 0.6274919 0.6265273 0.6310492 0.6397661 0.6403022 0.6437309 0.6443947 
maccaque1                   2.9006915 0.6653147 0.6582100 0.6573773 0.6619427 0.6562398 0.6444309 0.0041473 0.0041069 0.0040592 0.0000000 0.0063176 0.0058763 0.0045053 0.0054492 0.0056451 0.6801493 0.6500384 0.6416642 0.6363215 0.6468058 0.6261256 0.6258635 0.6253821 0.6271193 0.6261526 0.6303352 0.6394954 0.6391705 0.6433469 0.6439871 
Human_SRR5558136_bin.38     2.9426735 0.6683196 0.6612315 0.6606388 0.6649059 0.6597186 0.6464769 0.0065221 0.0064534 0.0064336 0.0063176 0.0000000 0.0066739 0.0059031 0.0063463 0.0065428 0.6783547 0.6530861 0.6433547 0.6392588 0.6492376 0.6294245 0.6292238 0.6281067 0.6298025 0.6288198 0.6336746 0.6425327 0.6382717 0.6461777 0.6463834 
baboon1                     2.9072430 0.6640775 0.6570366 0.6561538 0.6607100 0.6547121 0.6426020 0.0060403 0.0059703 0.0059509 0.0058763 0.0066739 0.0000000 0.0058162 0.0058048 0.0058423 0.6789402 0.6488084 0.6403916 0.6352767 0.6456609 0.6259186 0.6257219 0.6243787 0.6260248 0.6250613 0.6293458 0.6376563 0.6387067 0.6421091 0.6427211 
maccaque2                   2.9070521 0.6653776 0.6583952 0.6575848 0.6620339 0.6560721 0.6439977 0.0047319 0.0046830 0.0046728 0.0045053 0.0059031 0.0058162 0.0000000 0.0056948 0.0059485 0.6799682 0.6498450 0.6406885 0.6358889 0.6460421 0.6263353 0.6260417 0.6256726 0.6273283 0.6263623 0.6308889 0.6390538 0.6397915 0.6433302 0.6437994 
maccaque5                   2.9110821 0.6667878 0.6599115 0.6590322 0.6635198 0.6580440 0.6449902 0.0054685 0.0055192 0.0054544 0.0054492 0.0063463 0.0058048 0.0056948 0.0000000 0.0007513 0.6722523 0.6512131 0.6426818 0.6378057 0.6478606 0.6299891 0.6297903 0.6284256 0.6300946 0.6291219 0.6332522 0.6401754 0.6402485 0.6439919 0.6446842 
maccaque6                   2.9005715 0.6732661 0.6661552 0.6657047 0.6700114 0.6647870 0.6522083 0.0056488 0.0057186 0.0056194 0.0056451 0.0065428 0.0058423 0.0059485 0.0007513 0.0000000 0.6882226 0.6585185 0.6496215 0.6449334 0.6552196 0.6357212 0.6353713 0.6340648 0.6358462 0.6348565 0.6395408 0.6483354 0.6471687 0.6516581 0.6524747 
Rumen_CADBNS01              3.1525858 0.3878336 0.3832122 0.3850285 0.3857579 0.3887547 0.3732209 0.6791993 0.6778449 0.6801094 0.6801493 0.6783547 0.6789402 0.6799682 0.6722523 0.6882226 0.0000000 0.4450722 0.4473661 0.4490592 0.4503397 0.4624943 0.4622746 0.4625873 0.4629589 0.4624946 0.4679182 0.4802770 0.4200692 0.4154422 0.4162301 
Rumen_CACVQO01              3.0510366 0.3993174 0.3948884 0.3950713 0.3969699 0.4092364 0.3876843 0.6493821 0.6480468 0.6504308 0.6500384 0.6530861 0.6488084 0.6498450 0.6512131 0.6585185 0.4450722 0.0000000 0.2202834 0.2241741 0.2261565 0.3889860 0.3888874 0.3885404 0.3899032 0.3891863 0.3942636 0.3818520 0.3460615 0.3452024 0.3465307 
Rumen_CACWPH01              3.0339221 0.3990762 0.3945050 0.3971613 0.3990935 0.4072322 0.3879254 0.6405368 0.6389961 0.6415145 0.6416642 0.6433547 0.6403916 0.6406885 0.6426818 0.6496215 0.4473661 0.2202834 0.0000000 0.0212649 0.0242342 0.3856002 0.3856201 0.3855833 0.3861624 0.3857063 0.3910778 0.3822339 0.3474286 0.3474692 0.3470424 
Rumen_CACVRV01              3.0025948 0.3998469 0.3986502 0.4013407 0.4009483 0.4072449 0.3882752 0.6362529 0.6376900 0.6372501 0.6363215 0.6392588 0.6352767 0.6358889 0.6378057 0.6449334 0.4490592 0.2241741 0.0212649 0.0000000 0.0083573 0.3826999 0.3827196 0.3827937 0.3833231 0.3827652 0.3880068 0.3838630 0.3488123 0.3496325 0.3511765 
Rumen_CADBJG01              3.0176894 0.4012605 0.3998843 0.4023960 0.4016764 0.4091629 0.3902763 0.6461316 0.6472404 0.6470745 0.6468058 0.6492376 0.6456609 0.6460421 0.6478606 0.6552196 0.4503397 0.2261565 0.0242342 0.0083573 0.0000000 0.3921878 0.3922094 0.3922873 0.3928124 0.3922657 0.3978361 0.3866140 0.3516914 0.3510867 0.3533225 
Human_SRR5056681_bin.100    3.0439367 0.4370033 0.4317346 0.4337877 0.4336712 0.4359910 0.4204031 0.6262486 0.6249973 0.6265003 0.6261256 0.6294245 0.6259186 0.6263353 0.6299891 0.6357212 0.4624943 0.3889860 0.3856002 0.3826999 0.3921878 0.0000000 0.0000010 0.0002856 0.0000010 0.0001567 0.0061435 0.4088537 0.3580070 0.3590931 0.3576176 
Human_SRR5056817_bin.33     3.0427794 0.4372248 0.4319392 0.4340138 0.4337013 0.4359794 0.4204998 0.6259870 0.6247320 0.6262387 0.6258635 0.6292238 0.6257219 0.6260417 0.6297903 0.6353713 0.4622746 0.3888874 0.3856201 0.3827196 0.3922094 0.0000010 0.0000000 0.0002856 0.0000010 0.0001567 0.0061451 0.4086665 0.3578428 0.3590597 0.3574499 
Human_SRR5056841_bin.46     3.0435922 0.4368602 0.4316736 0.4335822 0.4336225 0.4361783 0.4204252 0.6255218 0.6242597 0.6257738 0.6253821 0.6281067 0.6243787 0.6256726 0.6284256 0.6340648 0.4625873 0.3885404 0.3855833 0.3827937 0.3922873 0.0002856 0.0002856 0.0000000 0.0002856 0.0001856 0.0063020 0.4084754 0.3577659 0.3588907 0.3570847 
Human_SRR5056944_bin.12     3.0452080 0.4374651 0.4321965 0.4337898 0.4341297 0.4368270 0.4208842 0.6272406 0.6260034 0.6274919 0.6271193 0.6298025 0.6260248 0.6273283 0.6300946 0.6358462 0.4629589 0.3899032 0.3861624 0.3833231 0.3928124 0.0000010 0.0000010 0.0002856 0.0000000 0.0001567 0.0061443 0.4091219 0.3588146 0.3596422 0.3575654 
Human_SRR5056994_bin.72     3.0441583 0.4370497 0.4317811 0.4338121 0.4337175 0.4360745 0.4204964 0.6262757 0.6250248 0.6265273 0.6261526 0.6288198 0.6250613 0.6263623 0.6291219 0.6348565 0.4624946 0.3891863 0.3857063 0.3827652 0.3922657 0.0001567 0.0001567 0.0001856 0.0001567 0.0000000 0.0061243 0.4088527 0.3579524 0.3590506 0.3575742 
Human_SRR6028624_bin.16     3.0706961 0.4432590 0.4382401 0.4405859 0.4404373 0.4426363 0.4266154 0.6307955 0.6295943 0.6310492 0.6303352 0.6336746 0.6293458 0.6308889 0.6332522 0.6395408 0.4679182 0.3942636 0.3910778 0.3880068 0.3978361 0.0061435 0.0061451 0.0063020 0.0061443 0.0061243 0.0000000 0.4115324 0.3618972 0.3642321 0.3623026 
Human_ERR414243_bin.4       3.0494147 0.4685108 0.4620145 0.4643573 0.4650313 0.4688548 0.4533326 0.6388647 0.6372478 0.6397661 0.6394954 0.6425327 0.6376563 0.6390538 0.6401754 0.6483354 0.4802770 0.3818520 0.3822339 0.3838630 0.3866140 0.4088537 0.4086665 0.4084754 0.4091219 0.4088527 0.4115324 0.0000000 0.4037522 0.4008151 0.4010536 
Rumen_CACVNT01              3.0531318 0.3859698 0.3794467 0.3794492 0.3826613 0.4001269 0.3781800 0.6393364 0.6368544 0.6403022 0.6391705 0.6382717 0.6387067 0.6397915 0.6402485 0.6471687 0.4200692 0.3460615 0.3474286 0.3488123 0.3516914 0.3580070 0.3578428 0.3577659 0.3588146 0.3579524 0.3618972 0.4037522 0.0000000 0.1588955 0.1618676 
Rumen_CACVSX01              3.0305158 0.3866497 0.3812556 0.3833329 0.3837364 0.3993516 0.3777849 0.6428881 0.6407512 0.6437309 0.6433469 0.6461777 0.6421091 0.6433302 0.6439919 0.6516581 0.4154422 0.3452024 0.3474692 0.3496325 0.3510867 0.3590931 0.3590597 0.3588907 0.3596422 0.3590506 0.3642321 0.4008151 0.1588955 0.0000000 0.0094691 
Rumen_CACYST01              3.0338058 0.3875888 0.3853014 0.3864541 0.3850746 0.3972852 0.3777340 0.6434433 0.6432192 0.6443947 0.6439871 0.6463834 0.6427211 0.6437994 0.6446842 0.6524747 0.4162301 0.3465307 0.3470424 0.3511765 0.3533225 0.3576176 0.3574499 0.3570847 0.3575654 0.3575742 0.3623026 0.4010536 0.1618676 0.0094691 0.0000000 
